0.665438665909
0.648759103641
0.656238095238
0.698349206349
0.669038774845
0.637926406926
0.620985347985
0.572333333333
0.644196248196
0.680181818182
0.668648589972
0.676900380665
0.64841958042
0.686754578755
0.712380952381
0.779131652661
0.679558774559
0.774285714286
0.628072829132
0.671509157509
0.622881673882
0.627602120102
0.732215538847
0.705
0.622881673882
0.687308270677
0.732215538847
0.705
0.622881673882
0.712429692912
0.732215538847
0.705
0.622881673882
0.633022556391
0.726201058201
0.732215538847
0.705
0.67987012987
0.663714285714
0.696753912754
0.677673992674
0.646136752137
0.643204692535
0.586200577201
0.713978021978
0.606
0.703952380952
0.777962315462
0.72338961039
0.630238095238
0.573380952381
0.570318681319
0.68719047619
0.593736616325
0.72338961039
0.630238095238
0.573380952381
0.570318681319
0.68719047619
0.701926739927
0.604090909091
0.62680952381
0.593736616325
0.72338961039
0.604090909091
0.62680952381
0.593736616325
0.72338961039
0.630238095238
0.675333333333
0.712259707239
0.759887057387
0.683255189255
0.665738562092
0.52027994228
0.700482295482
0.62131024531
0.639142857143
0.716151515152
0.647236430236
0.585564213564
0.631887667888
0.610247755407
0.617333333333
0.740095238095
0.650108669109
0.607743145743
0.676484848485
0.700285714286
0.656412698413
0.639663882672
0.685128404985
0.628824175824
0.626918081918
0.692388365003
0.642095238095
0.548571428571
0.656609031491
0.58300952381
0.638160648875
0.548571428571
0.656609031491
0.58300952381
0.638160648875
0.673256410256
0.723799311799
0.75319047619
0.603976911977
0.720200746965
0.550857142857
0.594757575758
0.736978354978
0.709516268046
0.717333333333
0.671424242424
0.734603174603
0.652897435897
0.600595959596
0.756095238095
0.558522655123
0.73446031746
0.661830320217
0.634646838129
0.668307422047
0.654949834479
0.58324796748
0.654805416805
0.649507936508
0.625
0.693429348429
0.632
0.708
0.606666666667
0.73
0.614333333333
0.636957855764
0.565620105316
0.653428571429
0.713500333
0.735717948718
0.65573950687
0.65695431332
0.667915750916
0.515728943571
0.637271395271
0.658051948052
0.651651844887
0.609492063492
0.578968364968
0.684388417493
0.573666666667
0.655652014652
0.689523809524
0.653904761905
0.538666666667
0.616333333333
0.611224664225
0.608341991342
0.678051282051
0.726168582375
0.587206349206
0.738314574315
0.692920634921
0.678619047619
0.631296037296
0.63903030303
0.693848012202
0.607691197691
0.606217802665
0.627186813187
0.736288600289
0.551103859503
0.703065157065
0.643459096459
0.705757353757
0.643608465608
0.672778711485
0.676981684982
0.710216640085
0.711571428571
0.694212121212
0.650133089133
0.620595959596
0.76526018426
0.54741036741
0.596614940615
0.681333333333
0.709692307692
0.549129772189
0.690545141133
0.619
0.701547008547
0.590111296582
0.682052170052
0.683740740741
0.702481712732
0.572857142857
0.701547008547
0.590111296582
0.682052170052
0.683740740741
0.702481712732
0.572857142857
0.633699216772
0.618412698413
0.701547008547
0.590111296582
0.682052170052
0.683740740741
0.701547008547
0.590111296582
0.682052170052
0.683740740741
0.702481712732
0.572857142857
0.633699216772
0.618412698413
0.701547008547
0.590111296582
0.682052170052
0.683740740741
0.701547008547
0.590111296582
0.682052170052
0.683740740741
0.702481712732
0.572857142857
0.633699216772
0.618412698413
0.701547008547
0.590111296582
0.682052170052
0.683740740741
0.701547008547
0.590111296582
0.682052170052
0.683740740741
0.702481712732
0.572857142857
0.633699216772
0.618412698413
0.701547008547
0.590111296582
0.682052170052
0.683740740741
0.701547008547
0.590111296582
0.682052170052
0.683740740741
0.702481712732
0.572857142857
0.633699216772
0.618412698413
0.701547008547
0.590111296582
0.682052170052
0.683740740741
0.701547008547
0.590111296582
0.682052170052
0.683740740741
0.702481712732
0.572857142857
0.633699216772
0.618412698413
0.701547008547
0.590111296582
0.682052170052
0.683740740741
0.701547008547
0.590111296582
0.682052170052
0.683740740741
0.702481712732
0.572857142857
0.633699216772
0.618412698413
0.701547008547
0.590111296582
0.682052170052
0.683740740741
0.701547008547
0.590111296582
0.682052170052
0.683740740741
0.702481712732
0.572857142857
0.636666666667
0.504
0.635552669553
0.616193480291
0.637062271062
0.590111296582
0.682052170052
0.683740740741
0.702481712732
0.572857142857
0.677342657343
0.738476190476
0.507732600733
0.763968253968
0.590111296582
0.682052170052
0.683740740741
0.702481712732
0.572857142857
0.677342657343
0.738476190476
0.507732600733
0.711846153846
0.590111296582
0.682052170052
0.683740740741
0.702481712732
0.572857142857
0.677342657343
0.738476190476
0.507732600733
0.722207792208
0.590111296582
0.682052170052
0.683740740741
0.702481712732
0.572857142857
0.677342657343
0.738476190476
0.507732600733
0.679486828961
0.677012987013
0.590111296582
0.682052170052
0.683740740741
0.702481712732
0.572857142857
0.677342657343
0.738476190476
0.507732600733
0.677048365944
0.626461538462
0.590111296582
0.682052170052
0.683740740741
0.702481712732
0.572857142857
0.677342657343
0.738476190476
0.507732600733
0.69726984127
0.524424242424
0.590111296582
0.682052170052
0.683740740741
0.702481712732
0.572857142857
0.677342657343
0.738476190476
0.507732600733
0.677012987013
0.633699216772
0.618412698413
0.701547008547
0.590111296582
0.682052170052
0.683740740741
0.701547008547
0.590111296582
0.682052170052
0.683740740741
0.702481712732
0.572857142857
0.590111296582
0.682052170052
0.683740740741
0.702481712732
0.572857142857
0.677342657343
0.738476190476
0.507732600733
0.652
0.677012987013
0.692409059539
0.73975036075
0.692409059539
0.73975036075
0.641746031746
0.684936507937
0.65126984127
0.673079365079
0.698011322011
0.654835164835
0.789102453102
0.615380952381
0.568303523035
0.595765974766
0.692368559079
0.641674603175
0.707369047619
0.62680952381
0.711212787213
0.652337662338
0.651
0.678051282051
0.587785714286
0.79219047619
0.701555555556
0.636842735043
0.593333333333
0.607184371184
0.598515151515
0.637311688312
0.715067243867
0.627928571429
0.415
0.645476190476
0.602878787879
0.654192474192
0.670850678733
0.493701298701
0.644444444444
0.686597174171
0.740168498168
0.781525974026
0.600349206349
0.662438339438
0.695333333333
0.709842857143
0.600349206349
0.662438339438
0.695333333333
0.709842857143
0.634646838129
0.627928571429
0.415
0.682492753623
0.625373737374
0.654192474192
0.606818181818
0.707047619048
0.634646838129
0.627928571429
0.415
0.608666666667
0.562696969697
0.654192474192
0.699113109113
0.636146464646
0.651
0.77819047619
0.678051282051
0.651241758242
0.689523809524
0.719964158447
0.763222222222
0.624793650794
0.685468253968
0.58653968254
0.710164470474
0.704484848485
0.667
0.569949494949
0.70024975025
0.682567099567
0.652486401437
0.640754077501
0.640754077501
0.626650793651
0.688166666667
0.628622880834
0.707781773782
0.676507936508
0.731991452991
0.680333333333
0.655128205128
0.623333333333
0.68619047619
0.696298250769
0.684400115725
0.632116178126
0.637985347985
0.716030082178
0.722470792366
0.7062734108
0.683740740741
0.614666666667
0.675365079365
0.7062734108
0.683740740741
0.614666666667
0.675365079365
0.665368742369
0.758898656899
0.651278499278
0.522077375256
0.698666666667
0.709565656566
0.615667887668
0.679437229437
0.681238095238
0.552675324675
0.59135140241
0.558149229855
0.615814542945
0.598144577129
0.631921568627
0.697047619048
0.67233044733
0.652864309603
0.797841269841
0.564346320346
0.69019047619
0.75519047619
0.666555555556
0.674276427598
0.658444444444
0.687062271062
0.764885336885
0.647928071928
0.647393939394
0.570380952381
0.687363446692
0.756361416361
0.658380952381
0.749333333333
0.577488424619
0.671968253968
0.668488400488
0.673583083583
0.695174603175
0.672
0.64225974026
0.631597402597
0.663846872082
0.757571428571
0.707491341991
0.715523809524
0.676199643494
0.747904761905
0.666587301587
0.723333333333
0.604
0.628240200975
0.747142857143
0.696238095238
0.768470121382
0.749679487179
0.74580952381
0.760631257631
0.559571428571
0.809333333333
0.573333333333
0.733408369408
0.72019047619
0.759229104229
0.682911637382
0.649418803419
0.651117395676
0.643201798202
0.658047619048
0.699701754386
0.629047619048
0.689785214785
0.610324786325
0.663935483871
0.680805194805
0.610324786325
0.663935483871
0.680805194805
0.623615871007
0.636682206682
0.660888888889
0.663333333333
0.611333333333
0.680181818182
0.650978354978
0.74673015873
0.654728977811
0.545666666667
0.731991452991
0.682069264069
0.671109980834
0.629650878533
0.596
0.626872200264
0.671424242424
0.802301587302
0.677842157842
0.711933173947
0.61815447209
0.626872200264
0.671424242424
0.802301587302
0.677842157842
0.711933173947
0.61815447209
0.654065752149
0.655728937729
0.649942110177
0.711933173947
0.643168831169
0.687612942613
0.653013169771
0.686215163921
0.617438228438
0.655728937729
0.649942110177
0.711933173947
0.643168831169
0.687612942613
0.653013169771
0.609070140431
0.617438228438
0.726558441558
0.703989121989
0.684603174603
0.684502567951
0.648761904762
0.704181818182
0.702172518019
0.566737373737
0.588106442577
0.681428571429
0.54637366218
0.757523809524
0.655728937729
0.649942110177
0.711933173947
0.643168831169
0.687612942613
0.653013169771
0.609070140431
0.617438228438
0.782515151515
0.704090111961
0.734615384615
0.659312169312
0.572164502165
0.688857142857
0.580063492063
0.724453102453
0.604866466866
0.716858585859
0.553333333333
0.738253968254
0.604063492063
0.61461005661
0.650212121212
0.683666666667
0.580333333333
0.585663879599
0.766814885115
0.719165991903
0.728735171261
0.60893015873
0.739
0.612484848485
0.660203463203
0.636
0.713
0.696416666667
0.632620634921
0.631341307815
0.686476190476
0.634290481929
0.629002442002
0.674777182713
0.698749263808
0.626666666667
0.528600144683
0.587361038961
0.67875487739
0.719730060789
0.595952380952
0.684400115725
0.659197605698
0.704090111961
0.609267040149
0.595142857143
0.643168831169
0.574374958375
0.699333333333
0.762855921856
0.656334554335
0.667563492063
0.608930735931
0.600708180708
0.676945504587
0.514998258447
0.508098678133
0.601009380863
0.672795784147
0.585619047619
0.653016983017
0.706761904762
0.692388365003
0.636682206682
0.731666666667
0.692952380952
0.674666666667
0.608951104451
0.613024531025
0.644647907648
0.646857142857
0.626235294118
0.698835164835
0.726562732589
0.659705166179
0.818181818182
0.728448758751
0.707672438672
0.658
0.565212121212
0.764155400155
0.703333333333
0.679556003384
0.802404040404
0.764092436975
0.744089466089
0.627565601066
0.664481074481
0.755573870574
0.673079365079
0.663658942365
0.593736616325
0.764313566722
0.612232323232
0.703728937729
0.619349206349
0.687334776335
0.74853968254
0.642411339002
0.608666666667
0.619349206349
0.687334776335
0.733607392607
0.642411339002
0.619349206349
0.687334776335
0.707997825704
0.642411339002
0.595234432234
0.643920745921
0.674666666667
0.696658674659
0.549025974026
0.610851751359
0.725366910867
0.736103479853
0.702349206349
0.650896825397
0.687985347985
0.692
0.61025019425
0.710798534799
0.663333333333
0.656872269532
0.623352582058
0.589079365079
0.593507936508
0.656739495798
0.558544768311
0.681444444444
0.579075342958
0.625719280719
0.631539238539
0.50519047619
0.625719280719
0.631539238539
0.65012962963
0.689596491228
0.722470792366
0.694844044844
0.653212121212
0.673597402597
0.61124929972
0.587603075086
0.58324796748
0.745241421949
0.627897768898
0.704448490507
0.745396248196
0.587603075086
0.58324796748
0.745241421949
0.627897768898
0.704448490507
0.745396248196
0.702505050505
0.760069264069
0.554
0.654978354978
0.677108225108
0.7226996337
0.602315176822
0.693478857744
0.665897435897
0.665930735931
0.687082266598
0.665556776557
0.562696969697
0.788863247863
0.608327117327
0.590655788656
0.707781773782
0.677246753247
0.605952380952
0.690415075121
0.695424242424
0.842571428571
0.713398853774
0.631887667888
0.608916860917
0.691711843712
0.763663003663
0.749343636615
0.724126984127
0.76146031746
0.722202710333
0.691711843712
0.763663003663
0.749343636615
0.691711843712
0.763663003663
0.749343636615
0.724126984127
0.76146031746
0.722202710333
0.691711843712
0.763663003663
0.749343636615
0.694515262515
0.709842857143
0.764201798202
0.515434343434
0.728222222222
0.688160401003
0.75
0.730778711485
0.67580952381
0.730571428571
0.598619047619
0.704632034632
0.660535471633
0.666743145743
0.616006173537
0.532
0.727347985348
0.63641106574
0.605222222222
0.715211399711
0.595532467532
0.63641106574
0.605222222222
0.658167388167
0.595532467532
0.729432234432
0.705264069264
0.671
0.636532745033
0.696457431457
0.724102564103
0.653812409812
0.647619047619
0.620095300834
0.70249122807
0.641626484626
0.634037518038
0.671554872029
0.701502164502
0.702051948052
0.694904262404
0.697416921832
0.604063492063
0.706146627882
0.653152003552
0.671554872029
0.701502164502
0.702051948052
0.694904262404
0.697416921832
0.604063492063
0.706146627882
0.653152003552
0.671554872029
0.701502164502
0.702051948052
0.694904262404
0.697416921832
0.604063492063
0.706146627882
0.653152003552
0.671554872029
0.701502164502
0.702051948052
0.694904262404
0.697416921832
0.604063492063
0.706146627882
0.653152003552
0.699468975469
0.560804474658
0.603976911977
0.727022311022
0.675
0.625865800866
0.672582972583
0.702471972472
0.677015873016
0.65360972361
0.690591408591
0.593952380952
0.708973290356
0.716336219336
0.634294161777
0.578682852989
0.720110047847
0.644893390963
0.628247863248
0.684695653334
0.664088362618
0.675434432234
0.565858585859
0.6969687856
0.609142857143
0.516929292929
0.801349206349
0.650333333333
0.643746031746
0.696
0.631139194139
0.668301587302
0.726765246449
0.653047619048
0.656634920635
0.613056277056
0.67074850966
0.603973737374
0.654192474192
0.664156843157
0.619619047619
0.834
0.532760082023
0.653818181818
0.648410677042
0.647220779221
0.658380952381
0.682047619048
0.676598845599
0.754725274725
0.633262959263
0.637007129507
0.698172161172
0.695575258075
0.608311111111
0.632857142857
0.678584138084
0.630761904762
0.72619047619
0.724476190476
0.591707452573
0.830234432234
0.641619047619
0.633699216772
0.702311688312
0.667652493848
0.606500447196
0.648761904762
0.650681131876
0.726168582375
0.622261083744
0.624851148851
0.613380952381
0.731712121212
0.598523809524
0.595234432234
0.696859398283
0.715765873016
0.784666666667
0.724556489262
0.593736616325
0.649943944944
0.692547619048
0.632857142857
0.751927072927
0.754533146592
0.56819047619
0.655232492997
0.63274796748
0.690952380952
0.705
0.689714285714
0.597857142857
0.801272472625
0.620216450216
0.576095223302
0.597857142857
0.801272472625
0.620216450216
0.576095223302
0.657331153972
0.679196649727
0.671991341991
0.741771561772
0.623333333333
0.68619047619
0.696298250769
0.660057109557
0.65047041847
0.633183566434
0.711238095238
0.556412698413
0.655263736264
0.756842379842
0.652504594516
0.664073260073
0.666699592582
0.549326340326
0.661126984127
0.691757575758
0.551606060606
0.648761904762
0.670748584749
0.724155844156
0.650837995338
0.685826839827
0.652365721997
0.612455988456
0.666699592582
0.549326340326
0.661126984127
0.691757575758
0.551606060606
0.648761904762
0.670748584749
0.724155844156
0.618017982018
0.665897435897
0.67295981796
0.678333333333
0.661497737557
0.75
0.646666666667
0.685834054834
0.681131254367
0.605460622711
0.651117395676
0.646314574315
0.759953353836
0.652337662338
0.665333333333
0.765147741148
0.58978998779
0.725933621934
0.630804195804
0.658317460317
0.545792429792
0.662047619048
0.74747008547
0.708171873878
0.679801466507
0.659510737628
0.708171873878
0.679801466507
0.659510737628
0.708171873878
0.679801466507
0.659510737628
0.687417582418
0.621090909091
0.708171873878
0.679801466507
0.659510737628
0.708171873878
0.679801466507
0.659510737628
0.672358974359
0.497277056277
0.679955044955
0.65139044289
0.570481962482
0.691661075497
0.595180708181
0.597842118666
0.692253968254
0.632
0.509567099567
0.794523809524
0.619884337884
0.585878787879
0.727184371184
0.691429429429
0.72098225957
0.652415584416
0.660932955933
0.619884337884
0.585878787879
0.745941391941
0.691429429429
0.619884337884
0.585878787879
0.671916416916
0.619166056166
0.691429429429
0.619884337884
0.585878787879
0.600349206349
0.691429429429
0.652415584416
0.506686570135
0.621258956491
0.706048426336
0.72098225957
0.652415584416
0.706048426336
0.652415584416
0.506686570135
0.674918549526
0.642126984127
0.706048426336
0.652415584416
0.506686570135
0.613613494647
0.706048426336
0.652415584416
0.506686570135
0.619968925325
0.54637366218
0.706048426336
0.652415584416
0.506686570135
0.619968925325
0.594757575758
0.706048426336
0.652415584416
0.602682650683
0.609552542229
0.556968253968
0.706048426336
0.634647130647
0.706063492063
0.718490842491
0.596857142857
0.629991718427
0.727347985348
0.675325981208
0.623904761905
0.634396825397
0.612271062271
0.681176814585
0.592
0.559424242424
0.660778467909
0.678216117216
0.642666666667
0.609
0.721538461538
0.685827838828
0.695154179154
0.635619047619
0.697712731713
0.659380952381
0.619529411765
0.672226745407
0.690591408591
0.672975791121
0.605656898657
0.632579455028
0.688594738595
0.671459096459
0.674080276747
0.769666666667
0.659012236474
0.575720430108
0.650571428571
0.688222222222
0.601803751804
0.599220557221
0.702856833305
0.571666666667
0.542265512266
0.61020596206
0.674587301587
0.717682539683
0.653261904762
0.773333333333
0.731741092241
0.724741854637
0.621121212121
0.639964688906
0.7062734108
0.671242283049
0.653013169771
0.64936349517
0.658142857143
0.663360206341
0.717857142857
0.679777777778
0.63933426704
0.678742590743
0.626490842491
0.723559218559
0.687985347985
0.702400201106
0.682459180666
0.824521413227
0.692958485958
0.673926739927
0.730326118326
0.668412698413
0.671213009213
0.626952991453
0.675222222222
0.721984126984
0.721984126984
0.639444444444
0.633206349206
0.678253968254
0.571006612686
0.702471972472
0.662
0.635552669553
0.692456654457
0.72382289056
0.538014652015
0.617301587302
0.671904761905
0.695497835498
0.719555555556
0.618904761905
0.489
0.601744275333
0.572383412508
0.499970189702
0.514222222222
0.652365721997
0.777846153846
0.530383838384
0.656832482275
0.676238095238
0.699099578171
0.63397206242
0.532593406593
0.612523809524
0.682598623599
0.68619047619
0.528362193362
0.716
0.50658008658
0.734086580087
0.615148330597
0.683302402557
0.699238095238
0.584432136491
0.599333333333
0.64237037037
0.777125371361
0.737
0.690731490731
0.604825396825
0.581611721612
0.718680652681
0.590401212581
0.681758265889
0.573023257788
0.587746031746
0.709811521812
0.691746031746
0.728142857143
0.732507492507
0.688594268477
0.631887667888
0.718908424908
0.768110667111
0.732507492507
0.688594268477
0.631887667888
0.718908424908
0.768110667111
0.668597069597
0.698126984127
0.741103896104
0.610444444444
0.614347763348
0.541911402053
0.743777777778
0.686031746032
0.672130647131
0.507595202183
0.636206349206
0.662931956932
0.570008658009
0.628295815296
0.672130647131
0.507595202183
0.636206349206
0.662931956932
0.677857142857
0.496
0.614221585604
0.658238095238
0.496
0.614221585604
0.658238095238
0.667
0.587015873016
0.688753246753
0.636666666667
0.605230769231
0.669803751804
0.66658530685
0.675333333333
0.706444444444
0.676900380665
0.550857142857
0.567397435897
0.76220802005
0.679154401154
0.668941520468
0.581897546898
0.706444444444
0.676900380665
0.550857142857
0.567397435897
0.76220802005
0.679154401154
0.668941520468
0.581897546898
0.593046146987
0.600349206349
0.676103896104
0.705
0.571540792541
0.538924061601
0.670917042607
0.67913997114
0.651296814297
0.586525745257
0.633262626263
0.641466666667
0.661015873016
0.617445134576
0.646857142857
0.693117549118
0.645664779665
0.525546711353
0.647329170829
0.671519480519
0.619506754697
0.610373791255
0.736426684427
0.721194557077
0.770175690976
0.67980952381
0.661616161616
0.59610370991
0.728285714286
0.699714285714
0.655085058414
0.547549019608
0.736426684427
0.721194557077
0.793613954673
0.576873015873
0.793177045177
0.726765246449
0.686136752137
0.638398212898
0.736426684427
0.721194557077
0.793613954673
0.576873015873
0.793177045177
0.726765246449
0.686136752137
0.638398212898
0.619506754697
0.610373791255
0.736426684427
0.721194557077
0.619506754697
0.610373791255
0.736426684427
0.721194557077
0.644611111111
0.607460852767
0.801272472625
0.683333333333
0.648429378531
0.719333333333
0.619506754697
0.610373791255
0.736426684427
0.721194557077
0.736426684427
0.721194557077
0.793613954673
0.576873015873
0.793177045177
0.726765246449
0.686136752137
0.638398212898
0.607460852767
0.663282828283
0.556752136752
0.619506754697
0.610373791255
0.736426684427
0.721194557077
0.675158393894
0.644611111111
0.607460852767
0.801272472625
0.675158393894
0.600432136491
0.677012987013
0.572961718021
0.666571428571
0.6956002886
0.676304776305
0.513518175372
0.72877124183
0.707973137973
0.584714285714
0.763443223443
0.703062049062
0.598313208051
0.637012477718
0.647
0.665743145743
0.743968253968
0.727056277056
0.675079365079
0.598313208051
0.637012477718
0.699917526918
0.822002441581
0.552285714286
0.569626373626
0.728912167166
0.529913520502
0.694053779554
0.684502567951
0.658
0.736031746032
0.687283383283
0.63652958153
0.689857142857
0.699917526918
0.769666666667
0.669592740593
0.71280952381
0.568112044818
0.788666666667
0.537042809043
0.670526473526
0.61501986902
0.708575091575
0.704346320346
0.726
0.685523809524
0.663333333333
0.715
0.536
0.734603174603
0.664938949939
0.616118548119
0.662136752137
0.669622710623
0.69780952381
0.584917748918
0.658793650794
0.743295273354
0.502555555556
0.676060606061
0.707898989899
0.723089133089
0.656666666667
0.719229215229
0.640666666667
0.681012987013
0.689523809524
0.670645021645
0.725687978688
0.5838767507
0.609212454212
0.690591408591
0.61503968254
0.801879120879
0.63644338118
0.658935786436
0.664720142602
0.587199023199
0.715142382288
0.767571428571
0.689125097125
0.790065934066
0.737103896104
0.530497737557
0.716184926185
0.632857142857
0.628467532468
0.646743230626
0.696298250769
0.696382950383
0.698805194805
0.670616161616
0.671981727949
0.826313131313
0.734603174603
0.664938949939
0.616118548119
0.662136752137
0.669622710623
0.597555555556
0.718346320346
0.563018759019
0.788666666667
0.537042809043
0.670526473526
0.61501986902
0.708575091575
0.621182983683
0.696090909091
0.740373737374
0.663333333333
0.788666666667
0.537042809043
0.670526473526
0.61501986902
0.708575091575
0.628240200975
0.745047619048
0.740373737374
0.663333333333
0.734603174603
0.664938949939
0.616118548119
0.662136752137
0.669622710623
0.670351981352
0.686047619048
0.634889822596
0.70683028083
0.746285714286
0.601385964912
0.734603174603
0.664938949939
0.616118548119
0.662136752137
0.669622710623
0.657589299589
0.702380952381
0.654532190032
0.618097902098
0.617095238095
0.636666666667
0.667639249639
0.700916524652
0.67681962482
0.664489177489
0.685374847375
0.552868198566
0.638270487682
0.703349206349
0.716523809524
0.693523809524
0.721473304473
0.696596491228
0.66239556102
0.713636141636
0.744351648352
0.518621933622
0.703349206349
0.716523809524
0.693523809524
0.721473304473
0.759887057387
0.642349206349
0.67255514867
0.689596491228
0.593840190371
0.712257187257
0.784025641026
0.669916996047
0.650523809524
0.59380952381
0.684682539683
0.651333333333
0.70324166683
0.690591408591
0.601904761905
0.701025210084
0.737777777778
0.692253968254
0.681111111111
0.726168582375
0.681111111111
0.726168582375
0.718780952381
0.645793650794
0.700860805861
0.707421356421
0.543646464646
0.703349206349
0.716523809524
0.693523809524
0.721473304473
0.54741036741
0.668941520468
0.686074314574
0.690731490731
0.598923187923
0.681012987013
0.712257187257
0.784025641026
0.669916996047
0.663548340548
0.641161222827
0.678904761905
0.649564102564
0.553666666667
0.740365079365
0.479327561328
0.73975036075
0.723333333333
0.638973248973
0.735904761905
0.655232492997
0.651
0.742060606061
0.675254079254
0.567805749806
0.690978354978
0.711191919192
0.656978354978
0.591777777778
0.624006006006
0.764137085137
0.673873015873
0.681111111111
0.726168582375
0.696596491228
0.66239556102
0.713636141636
0.744351648352
0.518621933622
0.59380952381
0.684682539683
0.723093406593
0.668517704518
0.757571428571
0.656978354978
0.591777777778
0.624006006006
0.764137085137
0.673873015873
0.673583083583
0.727174603175
0.668599085342
0.674457264957
0.644967214416
0.681012987013
0.65573950687
0.730388278388
0.741511599512
0.712257187257
0.784025641026
0.669916996047
0.663548340548
0.641161222827
0.678904761905
0.649564102564
0.553666666667
0.579187590188
0.695523809524
0.609841269841
0.681111111111
0.726168582375
0.644128205128
0.640519860532
0.725789321789
0.685952380952
0.555054834055
0.699006637807
0.686373737374
0.694523809524
0.786646464646
0.727301587302
0.647610728161
0.692447330447
0.69278998779
0.628356532357
0.714
0.608249444249
0.754763125763
0.675668664669
0.669642018422
0.680458561047
0.657589299589
0.585997113997
0.724907758908
0.604958152958
0.668941520468
0.581727272727
0.613015873016
0.675647907648
0.647111111111
0.629296417804
0.664848595849
0.581794871795
0.571619047619
0.674777182713
0.657923809524
0.690945166596
0.590083021554
0.579666666667
0.656522899323
0.548571428571
0.711576423576
0.571023282203
0.6515650428
0.615191147548
0.586200577201
0.639156299841
0.563111111111
0.765281385281
0.689714285714
0.685904761905
0.518952380952
0.674731092437
0.631282828283
0.681142857143
0.635523809524
0.692958485958
0.708761904762
0.714252837977
0.704090111961
0.627897768898
0.574897546898
0.593238095238
0.570318681319
0.557571428571
0.617428571429
0.570481962482
0.79219047619
0.633666666667
0.694681318681
0.733603174603
0.761878787879
0.653523920524
0.708171873878
0.604
0.68508008658
0.543646464646
0.573828571429
0.662433455433
0.711576423576
0.743727272727
0.570843434343
0.638565656566
0.652933621934
0.645186147186
0.700118520299
0.650133089133
0.631047286047
0.595001221001
0.618484848485
0.691375180375
0.599228438228
0.599228438228
0.602709521415
0.595405483405
0.678333333333
0.614405141814
0.647984126984
0.614405141814
0.647984126984
0.711904761905
0.631542346542
0.597171573254
0.631921568627
0.711222222222
0.606871794872
0.665333333333
0.672757575758
0.72617965368
0.763443223443
0.653047619048
0.654095238095
0.690585858586
0.706854256854
0.66231990232
0.780314407814
0.599366013072
0.643770979021
0.658666666667
0.656919413919
0.653984126984
0.574374958375
0.707047619048
0.721174603175
0.709100250627
0.695446331446
0.712961038961
0.643920745921
0.716535353535
0.696930735931
0.624294372294
0.598378363467
0.677864979848
0.740767565768
0.58653968254
0.599914285714
0.625650793651
0.50519047619
0.682032417389
0.655555555556
0.68719047619
0.550444444444
0.703301587302
0.636234935
0.671904761905
0.668194805195
0.55619047619
0.618666666667
0.767590964591
0.531975708502
0.686754578755
0.599374992823
0.570424908425
0.701547008547
0.625174603175
0.683740740741
0.721
0.572857142857
0.752975690976
0.678
0.558824218609
0.764137085137
0.708111111111
0.792349206349
0.57380952381
0.694789473684
0.593031746032
0.611904761905
0.675
0.644041847042
0.756406759907
0.623253968254
0.586827094474
0.721174103056
0.663562992563
0.586827094474
0.721174103056
0.663562992563
0.585997113997
0.733946608947
0.698
0.66967965368
0.690031746032
0.744351648352
0.550171717172
0.652802308802
0.676247619048
0.608571428571
0.616666666667
0.645202020202
0.60232967033
0.684095238095
0.696187590188
0.583466666667
0.75
0.757706682207
0.704253456221
0.605555555556
0.60939095208
0.757706682207
0.704253456221
0.605555555556
0.60939095208
0.62480952381
0.653123321123
0.624666666667
0.688205128205
0.684095238095
0.724406926407
0.64237037037
0.677616161616
0.671509157509
0.602846708847
0.623333333333
0.650333333333
0.703142857143
0.719742742637
0.532848904876
0.730778711485
0.677655677656
0.579216117216
0.653984126984
0.709787545788
0.628444444444
0.692714285714
0.676030998413
0.719630179934
0.679782246946
0.66658530685
0.735517871018
0.721145625616
0.641231631114
0.746013986014
0.661942857143
0.648761904762
0.679782246946
0.66658530685
0.735517871018
0.693097680098
0.680519480519
0.725970562771
0.669777777778
0.674562304032
0.679142857143
0.66559172054
0.678984126984
0.593841269841
0.565863858364
0.693743145743
0.595584345479
0.741400821401
0.679142857143
0.66559172054
0.678984126984
0.593841269841
0.565863858364
0.693743145743
0.595584345479
0.679142857143
0.66559172054
0.678984126984
0.593841269841
0.565863858364
0.693743145743
0.595584345479
0.741400821401
0.679142857143
0.66559172054
0.678984126984
0.593841269841
0.565863858364
0.693743145743
0.595584345479
0.741400821401
0.679142857143
0.66559172054
0.678984126984
0.593841269841
0.565863858364
0.693743145743
0.595584345479
0.741400821401
0.620983682984
0.548369408369
0.679301587302
0.563179487179
0.617445134576
0.719462315462
0.677916083916
0.568589772038
0.620896103896
0.640754077501
0.651117395676
0.747
0.785428571429
0.639722163309
0.509888888889
0.649538936199
0.74363980464
0.627949494949
0.670589772038
0.664275132275
0.630488733489
0.732523809524
0.637821067821
0.782666666667
0.626984126984
0.627949494949
0.670589772038
0.664275132275
0.630488733489
0.732523809524
0.637821067821
0.782666666667
0.626984126984
0.619717569906
0.636035087719
0.680444241046
0.631800976801
0.587416777597
0.636848484848
0.731777777778
0.677684981685
0.646335010526
0.556238095238
0.735427683428
0.608285714286
0.657907729697
0.652083333333
0.703988797695
0.669882339882
0.623742968143
0.683356421356
0.614666666667
0.722
0.599315508021
0.769962037962
0.678666666667
0.662571428571
0.696551448551
0.662257634454
0.5908
0.779333333333
0.582666666667
0.629595959596
0.732095238095
0.697523809524
0.61827965368
0.67268904463
0.590349206349
0.593840190371
0.680079099062
0.613498671263
0.755573870574
0.762025641026
0.616142857143
0.671201077015
0.746364234799
0.706022339471
0.615148330597
0.687308514807
0.688761904762
0.714299422799
0.60732747971
0.615634920635
0.643222222222
0.657338680927
0.646857142857
0.47997979798
0.720350944976
0.655185185185
0.605952380952
0.699102564103
0.610247755407
0.675333333333
0.671593073593
0.663658942365
0.636
0.635163059163
0.668428571429
0.583881673882
0.789663003663
0.659582750583
0.640163855752
0.716858585859
0.65682218165
0.664787545788
0.735430569431
0.557333333333
0.677749159337
0.679990700378
0.684180747568
0.6036996337
0.729391255918
0.689785214785
0.676199643494
0.574311577312
0.663282828283
0.590474858475
0.679598845599
0.535222222222
0.618659229659
0.676236430236
0.698216788767
0.747139928699
0.653384948385
0.668271062271
0.695372294372
0.58556043956
0.665757575758
0.719523809524
0.752095238095
0.667
0.628123572506
0.677616161616
0.716416250416
0.655757797758
0.521714285714
0.639362193362
0.658167388167
0.569904761905
0.551936507937
0.712857142857
0.652337662338
0.695874982996
0.765147741148
0.58978998779
0.730789616181
0.698749263808
0.692141192141
0.661035409035
0.592
0.680158730159
0.679409967335
0.688095238095
0.708412698413
0.631930735931
0.530383838384
0.695018315018
0.670666666667
0.722804318489
0.626049486461
0.607786213786
0.586857142857
0.65047041847
0.649217449217
0.603835497835
0.722804318489
0.626049486461
0.607786213786
0.586857142857
0.65047041847
0.649217449217
0.603835497835
0.736183760684
0.629399178737
0.615498962009
0.732699084056
0.573571428571
0.707395645752
0.61758974359
0.61758974359
0.663374117111
0.719089161537
0.613174603175
0.573111111111
0.656091575092
0.577888275124
0.540182247182
0.722523809524
0.726976192475
0.688549019608
0.628905695612
0.681868686869
0.718507936508
0.609070140431
0.636437229437
0.703194083694
0.607111111111
0.801523809524
0.701732180863
0.678505050505
0.760085914086
0.639523809524
0.749412698413
0.64936349517
0.730388278388
0.547634920635
0.653015873016
0.547634920635
0.653015873016
0.629333333333
0.596559802516
0.712857142857
0.723089133089
0.664481074481
0.762025641026
0.631673881674
0.659666666667
0.653760640385
0.654742664743
0.65126984127
0.653
0.564761904762
0.737492729493
0.710845820846
0.680531855279
0.660396103896
0.698011322011
0.632806637807
0.610778554779
0.612805860806
0.810424242424
0.593840190371
0.59135140241
0.66219047619
0.592301587302
0.730920634921
0.666571428571
0.687363446692
0.730920634921
0.666571428571
0.687363446692
0.683727272727
0.657338680927
0.776
0.584301587302
0.752038961039
0.584301587302
0.752038961039
0.718412698413
0.660067592538
0.582536796537
0.660067592538
0.582536796537
0.624707749767
0.578666666667