0.648222222222
0.613647058824
0.604956043956
0.673268620269
0.672216450216
0.681095238095
0.624424836601
0.66573015873
0.638666666667
0.626318681319
0.81324963925
0.697167247927
0.507732600733
0.638571428571
0.627233766234
0.647410002278
0.700333333333
0.620818598069
0.690673992674
0.676598845599
0.687882450882
0.638487143681
0.690191697192
0.655509157509
0.751333709768
0.674595959596
0.673256410256
0.673268620269
0.507732600733
0.642174603175
0.598725607726
0.587142857143
0.74219047619
0.698609231289
0.743704184704
0.591782051282
0.710952380952
0.551666666667
0.630785745655
0.648761904762
0.74219047619
0.685145521146
0.61702772391
0.65673015873
0.646015873016
0.723624476972
0.685145521146
0.721721611722
0.665238095238
0.71952025752
0.690358974359
0.712633255633
0.6585
0.687888888889
0.721422799423
0.804756132756
0.830523809524
0.710952380952
0.752238095238
0.673428571429
0.724656299841
0.627587301587
0.719730060789
0.677285714286
0.586233766234
0.672216450216
0.693206349206
0.645783549784
0.636597069597
0.654652014652
0.698358863359
0.666186837317
0.754453102453
0.668476190476
0.640966817496
0.721444444444
0.696288562315
0.748
0.690191697192
0.665952380952
0.68432978133
0.75146031746
0.696698412698
0.747826617827
0.678222222222
0.747826617827
0.63751341132
0.77473015873
0.617453102453
0.774126984127
0.648285714286
0.630785745655
0.648761904762
0.746857142857
0.648285714286
0.702481712732
0.721721611722
0.648761904762
0.58084992785
0.721721611722
0.587142857143
0.659571428571
0.536253968254
0.626318681319
0.748
0.655333333333
0.715666666667
0.668476190476
0.627251537936
0.704424242424
0.673268620269
0.69719047619
0.653026907733
0.704387895438
0.560939393939
0.574369642054
0.710952380952
0.671428571429
0.690191697192
0.696288562315
0.587142857143
0.702495968084
0.61380952381
0.668787878788
0.655333333333
0.604956043956
0.698609231289
0.747826617827
0.659272727273
0.718908424908
0.720281607282
0.70073015873
0.718035087719
0.599467813576
0.680858363858
0.74219047619
0.668787878788
0.578702075702
0.66398989899
0.652761904762
0.698609231289
0.776136573104
0.664859000961
0.652761904762
0.68432978133
0.710952380952
0.751868686869
0.6796649429
0.604956043956
0.720281607282
0.640476190476
0.721721611722
0.722385170385
0.604956043956
0.639126984127
0.742032967033
0.698358863359
0.748423366108
0.688549019608
0.686146520147
0.592708180708
0.760842490842
0.753523809524
0.66045021645
0.616333333333
0.693126984127
0.666986346986
0.754509157509
0.767992869875
0.693126984127
0.625536130536
0.619860817217
0.711757020757
0.627251537936
0.633285714286
0.609841269841
0.633285714286
0.692714285714
0.690362193362
0.634676767677
0.710952380952
0.672216450216
0.646995670996
0.698609231289
0.631324786325
0.669803751804
0.657923809524
0.721422799423
0.62781013431
0.737102342102
0.669803751804
0.666986346986
0.804756132756
0.626318681319
0.704387895438
0.659617826618
0.766964701965
0.693206349206
0.667367965368
0.626318681319
0.626049486461
0.715666666667
0.673372405372
0.751333709768
0.663046398046
0.646666666667
0.789541125541
0.773179487179
0.668787878788
0.747964701965
0.626888888889
0.739904761905
0.710952380952
0.580888888889
0.699006637807
0.699354978355
0.694571428571
0.747826617827
0.549949494949
0.69270973471
0.578702075702
0.763888888889
0.66398989899
0.760842490842
0.68683724772
0.708603174603
0.709619047619
0.748756132756
0.642616161616
0.668787878788
0.655432234432
0.646015873016
0.566044733045
0.655432234432
0.66398989899
0.625597069597
0.631324786325
0.652692307692
0.652761904762
0.652761904762
0.647410002278
0.680025641026
0.669206349206
0.739904761905
0.68080952381
0.578702075702
0.726314760508
0.706037219485
0.580179487179
0.738857627397
0.710952380952
0.642032967033
0.652761904762
0.69230508391
0.726314760508
0.675523809524
0.632470004443
0.699761904762
0.671424242424
0.693126984127
0.571713952714
0.731333333333
0.61872374457
0.710888888889
0.714365079365
0.674666666667
0.51074025974
0.702477411477
0.719730060789
0.774126984127
0.723301587302
0.648761904762
0.649520957474
0.578702075702
0.804756132756
0.692401709402
0.754533146592
0.760842490842
0.728298017772
0.692444444444
0.715422577423
0.672412698413
0.642174603175
0.633285714286
0.657
0.726314760508
0.652692307692
0.566737373737
0.674894771895
0.568424242424
0.742238095238
0.673256410256
0.73713997114
0.640948742079
0.64927960928
0.68393040293
0.674099071207
0.707658563659
0.701238095238
0.651897546898
0.651897546898
0.587142857143
0.640326229326
0.654412698413
0.651897546898
0.651897546898
0.728989010989
0.626318681319
0.617453102453
0.648222222222
0.635921568627
0.655509157509
0.706037219485
0.532119047619
0.706611721612
0.755
0.683035650624
0.63572039072
0.6933003663
0.62293557423
0.627587301587
0.613782106782
0.677285714286
0.652692307692
0.68080952381
0.681806637807
0.626906629318
0.651897546898
0.706037219485
0.734126984127
0.648761904762
0.574369642054
0.648761904762
0.68393040293
0.648761904762
0.674333333333
0.651897546898
0.617453102453
0.697167247927
0.654412698413
0.73713997114
0.576938352469
0.731333333333
0.749059922534
0.751333709768
0.652555555556
0.632863247863
0.672216450216
0.66853968254
0.693126984127
0.626318681319
0.706037219485
0.739904761905
0.685145521146
0.702172518019
0.755
0.659130325815
0.675295815296
0.729937728938
0.648222222222
0.81324963925
0.698609231289
0.652761904762
0.66398989899
0.760842490842
0.666073593074
0.674666666667
0.684888888889
0.721721611722
0.696125319125
0.673026085026
0.755
0.648333333333
0.578702075702
0.768523809524
0.617453102453
0.575881673882
0.585333333333
0.626318681319
0.580179487179
0.69719047619
0.659888888889
0.633285714286
0.693126984127
0.674894771895
0.617370426959
0.625505050505
0.669803751804
0.666186837317
0.666986346986
0.648444444444
0.715666666667
0.609841269841
0.729645021645
0.646285714286
0.718035087719
0.632470004443
0.73713997114
0.655432234432
0.648761904762
0.69719047619
0.673256410256
0.693199134199
0.668787878788
0.715666666667
0.630785745655
0.656477929103
0.555054834055
0.67674969475
0.699354978355
0.68393040293
0.639126984127
0.698358863359
0.673428571429
0.703065157065
0.81324963925
0.81324963925
0.652761904762
0.761676767677
0.636946608947
0.710952380952
0.724656299841
0.647410002278
0.766964701965
0.726314760508
0.652597069597
0.706037219485
0.742032967033
0.625235209235
0.68432978133
0.615800952671
0.663663780664
0.683035650624
0.578702075702
0.749059922534
0.674666666667
0.633904761905
0.587142857143
0.698519258519
0.706037219485
0.555054834055
0.739904761905
0.674666666667
0.626906629318
0.709565656566
0.580476190476
0.770787212787
0.561787878788
0.742002339059
0.666073593074
0.667367965368
0.688216450216
0.702047619048
0.625597069597
0.673428571429
0.626318681319
0.704387895438
0.648761904762
0.616333333333
0.706611721612
0.766964701965
0.693206349206
0.652761904762
0.690191697192
0.611957393484
0.722412698413
0.698358863359
0.619860817217
0.626318681319
0.626049486461
0.735333333333
0.652692307692
0.659888888889
0.64987989788
0.698609231289
0.735333333333
0.715103896104
0.766964701965
0.614832080201
0.629037831733
0.697167247927
0.702193695194
0.629037831733
0.751908424908
0.626318681319
0.625505050505
0.599649069884
0.630917748918
0.648761904762
0.614761904762
0.715666666667
0.629037831733
0.712554334554
0.713253968254
0.669803751804
0.560939393939
0.630785745655
0.648444444444
0.702495968084
0.73
0.687417582418
0.678051282051
0.689370299463
0.67287012987
0.63572039072
0.736317460317
0.682171717172
0.82674025974
0.552571428571
0.739904761905
0.699115995116
0.701232323232
0.571713952714
0.789102453102
0.646015873016
0.666073593074
0.646692640693
0.555054834055
0.646015873016
0.749059922534
0.6585
0.578702075702
0.67053968254
0.640906204906
0.640476190476
0.726874458874
0.699115995116
0.640966817496
0.665238095238
0.728266106443
0.613210318286
0.700380952381
0.646995670996
0.702495968084
0.691548340548
0.61872374457
0.709619047619
0.710952380952
0.766964701965
0.715666666667
0.690191697192
0.690673992674
0.749059922534
0.652761904762
0.720281607282
0.566044733045
0.702172518019
0.707318792319
0.70073015873
0.672992784993
0.616333333333
0.688021769081
0.717536130536
0.629037831733
0.673256410256
0.666073593074
0.616333333333
0.626318681319
0.699761904762
0.771239316239
0.761997668998
0.761676767677
0.718035087719
0.709619047619
0.666073593074
0.655509157509
0.666073593074
0.715666666667
0.625536130536
0.578702075702
0.774126984127
0.561787878788
0.673268620269
0.672365079365
0.614761904762
0.710952380952
0.636597069597
0.708211984094
0.68393040293
0.724194805195
0.707658563659
0.710952380952
0.692401709402
0.612335997336
0.617445134576
0.724656299841
0.654177944862
0.60247041847
0.617445134576
0.704424242424
0.654177944862
0.60247041847
0.569142857143
0.614
0.68432978133
0.72
0.729937728938
0.702495968084
0.646666666667
0.659272727273
0.690673992674
0.755
0.699115995116
0.633285714286
0.625597069597
0.760842490842
0.693126984127
0.599467813576
0.69219047619
0.68432978133
0.685145521146
0.769617826618
0.708603174603
0.69719047619
0.707658563659
0.695776556777
0.715666666667
0.675746031746
0.667031746032
0.502428571429
0.617453102453
0.617453102453
0.715666666667
0.671333333333
0.763888888889
0.658047619048
0.667367965368
0.609777777778
0.694079365079
0.667367965368
0.747826617827
0.712841269841
0.741665445665
0.652555555556
0.697167247927
0.672216450216
0.747
0.679484071484
0.685145521146
0.698358863359
0.574369642054
0.673428571429
0.622444444444
0.710952380952
0.628356532357
0.672412698413
0.726314760508
0.626318681319
0.703492063492
0.666073593074
0.686047619048
0.683676003735
0.69719047619
0.704007340867
0.701232323232
0.760857142857
0.73
0.652761904762
0.557588023088
0.638571428571
0.701238095238
0.672216450216
0.667197691198
0.779747252747
0.695847920196
0.576476190476
0.693206349206
0.568107206519
0.710952380952
0.655432234432
0.715502164502
0.639105228105
0.627587301587
0.677285714286
0.755
0.698171717172
0.721721611722
0.743704184704
0.683587301587
0.626318681319
0.779747252747
0.690191697192
0.629294261294
0.768523809524
0.622203585888
0.626318681319
0.768222222222
0.648761904762
0.689414565826
0.646015873016
0.721721611722
0.674894771895
0.705163026516
0.742002339059
0.668787878788
0.685145521146
0.663048886786
0.649520957474
0.684888888889
0.693206349206
0.673268620269
0.646015873016
0.693581529582
0.655432234432
0.704424242424
0.61872374457
0.698048840049
0.733
0.651897546898
0.652597069597
0.641619047619
0.699115995116
0.561787878788
0.693514438105
0.641904761905
0.732288600289
0.665238095238
0.642032967033
0.586233766234
0.560939393939
0.614832080201
0.622444444444
0.633492063492
0.633492063492
0.603593406593
0.723624476972
0.594625742074
0.570722943723
0.555054834055
0.652761904762
0.561787878788
0.579787878788
0.626318681319
0.671428571429
0.671428571429
0.626318681319
0.663299719888
0.587649701176
0.698609231289
0.689887667888
0.670623340817
0.726587301587
0.673428571429
0.695281607282
0.715666666667
0.659888888889
0.652501498501
0.690362193362
0.674894771895
0.697167247927
0.631818181818
0.690636363636
0.694571428571
0.68432978133
0.715666666667
0.755
0.715666666667
0.760842490842
0.761676767677
0.633285714286
0.761676767677
0.693126984127
0.722385170385
0.754533146592
0.690358974359
0.633285714286
0.616333333333
0.51074025974
0.719523809524
0.687888888889
0.66398989899
0.653650793651
0.684936507937
0.641301587302
0.625597069597
0.715422577423
0.669803751804
0.742
0.677555555556
0.617453102453
0.666186837317
0.617453102453
0.672365079365
0.671424242424
0.73713997114
0.617453102453
0.73713997114
0.700285714286
0.798835497835
0.661035409035
0.671428571429
0.657
0.755
0.67053968254
0.690191697192
0.638571428571
0.742002339059
0.749441391941
0.698609231289
0.715666666667
0.710146298146
0.718035087719
0.694368542569
0.697142857143
0.689370299463
0.58519047619
0.616333333333
0.715666666667
0.755
0.74219047619
0.755
0.74219047619
0.697167247927
0.712219336219
0.667367965368
0.72
0.599649069884
0.66398989899
0.692444444444
0.760842490842
0.649520957474
0.651632490317
0.623872385679
0.710952380952
0.71952025752
0.715666666667
0.626318681319
0.645128205128
0.698609231289
0.698609231289
0.666073593074
0.715666666667
0.665952380952
0.718680652681
0.651544011544
0.653315064021
0.630785745655
0.774126984127
0.706509157509
0.706509157509
0.674595959596
0.668787878788
0.657923809524
0.751333709768
0.666986346986
0.673256410256
0.668787878788
0.587142857143
0.611898989899
0.712219336219
0.739904761905
0.683035650624
0.755
0.684888888889
0.560939393939
0.747
0.671428571429
0.63572039072
0.683676003735
0.691412744119
0.683035650624
0.755772498743
0.67053968254
0.760842490842
0.761997668998
0.629984126984
0.693126984127
0.655333333333
0.578702075702
0.651333333333
0.648444444444
0.718035087719
0.631324786325
0.642174603175
0.666319038166
0.646015873016
0.704424242424
0.659888888889
0.724656299841
0.690191697192
0.678285714286
0.552571428571
0.710952380952
0.693126984127
0.768523809524
0.66398989899
0.742
0.626318681319
0.648444444444
0.666073593074
0.625597069597
0.685145521146
0.68432978133
0.695705107153
0.690191697192
0.704424242424
0.743704184704
0.69
0.724656299841
0.672216450216
0.66853968254
0.655509157509
0.654652014652
0.553213549024
0.626318681319
0.620818598069
0.624238095238
0.669206349206
0.710888888889
0.774126984127
0.693126984127
0.718035087719
0.724835497835
0.677246753247
0.670623340817
0.626318681319
0.568107206519
0.66853968254
0.648761904762
0.69880952381
0.689887667888
0.604956043956
0.658051948052
0.657589299589
0.668787878788
0.687417582418
0.756168831169
0.721721611722
0.589424242424
0.766964701965
0.697167247927
0.611134310134
0.631324786325
0.707658563659
0.641904761905
0.722385170385
0.704424242424
0.668787878788
0.673256410256
0.617370426959
0.656995670996
0.625505050505
0.671424242424
0.612335997336
0.710646464646
0.698358863359
0.638571428571
0.608930735931
0.673268620269
0.654652014652
0.652597069597
0.696063492063
0.626318681319
0.663013601122
0.528142857143
0.749059922534
0.702172518019
0.626049486461
0.626318681319
0.694808302808
0.709005458594
0.724656299841
0.66853968254
0.685145521146
0.681095238095
0.640326229326
0.656343434343
0.655333333333
0.66398989899
0.633285714286
0.701238095238
0.659272727273
0.566044733045
0.661126194067
0.707658563659
0.74219047619
0.673268620269
0.688662337662
0.672216450216
0.594429728167
0.672412698413
0.672216450216
0.667367965368
0.707658563659
0.61872374457
0.723624476972
0.742002339059
0.673295815296
0.668787878788
0.584875457875
0.660222222222
0.664476190476
0.620818598069
0.633285714286
0.710616161616
0.574369642054
0.543333333333
0.677555555556
0.830634920635
0.566044733045
0.599649069884
0.677285714286
0.801396825397
0.661035409035
0.626318681319
0.63572039072
0.715666666667
0.662142857143
0.560939393939
0.710146298146
0.715502164502
0.69880952381
0.617445134576
0.672412698413
0.749059922534
0.648761904762
0.69946031746
0.81324963925
0.685145521146
0.737102342102
0.580666666667
0.706509157509
0.728141192141
0.614832080201
0.560750915751
0.659343434343
0.67
0.760857142857
0.578702075702
0.657
0.761997668998
0.683777777778
0.689370299463
0.715666666667
0.688021769081
0.701092474777
0.648761904762
0.68393040293
0.678222222222
0.502428571429
0.620818598069
0.509862745098
0.589168831169
0.761746031746
0.674894771895
0.693206349206
0.66853968254
0.704387895438
0.673146520147
0.685145521146
0.646666666667
0.616333333333
0.555054834055
0.68432978133
0.710058830059
0.566044733045
0.527996669997
0.68432978133
0.626318681319
0.75828049728
0.630785745655
0.559424242424
0.692958485958
0.710058830059
0.715337329337
0.655432234432
0.74550174009
0.638571428571
0.721721611722
0.622444444444
0.712633255633
0.640326229326
0.767379928315
0.729333333333
0.652761904762
0.694571428571
0.81324963925
0.711846153846
0.527996669997
0.560939393939
0.700333333333
0.655509157509
0.709565656566
0.742032967033
0.687417582418
0.672975791121
0.749059922534
0.699115995116
0.671428571429
0.69946031746
0.619701631702
0.614832080201
0.626318681319
0.655432234432
0.721721611722
0.672216450216
0.754509157509
0.646285714286
0.697167247927
0.721721611722
0.616333333333
0.613782106782
0.521412698413
0.733
0.684888888889
0.766964701965
0.626318681319
0.735746031746
0.665238095238
0.704387895438
0.626906629318
0.642032967033
0.672992784993
0.669803751804
0.693581529582
0.671428571429
0.527406926407
0.698519258519
0.640906204906
0.672216450216
0.724656299841
0.574369642054
0.687417582418
0.622952380952
0.804756132756
0.737102342102
0.706509157509
0.568107206519
0.704007340867
0.661412698413
0.681806637807
0.704424242424
0.658589209208
0.697666666667
0.668476190476
0.646015873016
0.72
0.561787878788
0.529318681319
0.668476190476
0.611898989899
0.703065157065
0.674894771895
0.529318681319
0.626318681319
0.715666666667
0.715666666667
0.726314760508
0.710952380952
0.706509157509
0.728298017772
0.690673992674
0.686629148629
0.721721611722
0.626318681319
0.587142857143
0.647410002278
0.628587991718
0.667142857143
0.668787878788
0.728298017772
0.653650793651
0.626318681319
0.635705627706
0.669803751804
0.715666666667
0.687417582418
0.698609231289
0.664859000961
0.712554334554
0.702172518019
0.61872374457
0.51074025974
0.726314760508
0.69230508391
0.66398989899
0.73713997114
0.648222222222
0.655432234432
0.655432234432
0.655432234432
0.655432234432
0.655432234432
0.655432234432
0.617453102453
0.617453102453
0.617453102453
0.67546031746
0.706509157509
0.723624476972
0.61702772391
0.726314760508
0.598725607726
0.685145521146
0.555054834055
0.69880952381
0.559424242424
0.648285714286
0.696556887557
0.668460622711
0.626049486461
0.70296969697
0.822924275724
0.566737373737
0.67
0.668787878788
0.645878787879
0.660222222222
0.679777777778
0.668460622711
0.72
0.662727272727
0.697676989677
0.747826617827
0.648761904762
0.698171717172
0.633285714286
0.648333333333
0.67053968254
0.679666666667
0.58084992785
0.726314760508
0.640476190476
0.687417582418
0.798835497835
0.626318681319
0.704424242424
0.672216450216
0.685145521146
0.677285714286
0.738469355206
0.648761904762
0.704387895438
0.723624476972
0.742002339059
0.627251537936
0.670623340817
0.666807858808
0.560939393939
0.584875457875
0.698609231289
0.662438672439
0.643566760037
0.629037831733
0.642032967033
0.681969187675
0.652597069597
0.628818181818
0.719031746032
0.662438672439
0.568107206519
0.751333709768
0.754509157509
0.587666666667
0.604956043956
0.647111111111
0.655737373737
0.721721611722
0.684888888889
0.702495968084
0.568107206519
0.704387895438
0.704007340867
0.692
0.640326229326
0.697167247927
0.652761904762
0.619860817217
0.616836428804
0.723079365079
0.625416603005
0.702193695194
0.627054583408
0.58519047619
0.620818598069
0.721721611722
0.654652014652
0.702172518019
0.697167247927
0.690191697192
0.657923809524
0.668787878788
0.77819047619
0.617777777778
0.648761904762
0.692332112332
0.672216450216
0.653230769231
0.698609231289
0.659803529804
0.527996669997
0.698609231289
0.648761904762
0.655432234432
0.652761904762
0.767590964591
0.659343434343
0.684619538356
0.715458450047
0.687912087912
0.61872374457
0.689887667888
0.689414565826
0.662571428571
0.698358863359
0.690362193362
0.578702075702
0.748761904762
0.747240217299
0.607904761905
0.755
0.675746031746
0.801396825397
0.696969030969
0.698619906409
0.721721611722
0.553213549024
0.702193695194
0.560939393939
0.683405156935
0.710952380952
0.751333709768
0.748
0.626049486461
0.626318681319
0.699633699634
0.666073593074
0.627587301587
0.715422577423
0.624275613276
0.724656299841
0.616333333333
0.702172518019
0.77473015873
0.626872200264
0.710952380952
0.673256410256
0.766964701965
0.574369642054
0.664859000961
0.614761904762
0.630785745655
0.709565656566
0.586233766234
0.685145521146
0.760842490842
0.666986346986
0.626318681319
0.693126984127
0.693206349206
0.697167247927
0.677285714286
0.706509157509
0.754725274725
0.636597069597
0.684619538356
0.715458450047
0.687912087912
0.61872374457
0.689887667888
0.689414565826
0.662571428571
0.698358863359
0.690362193362
0.578702075702
0.748761904762
0.761676767677
0.710952380952
0.626318681319
0.633285714286
0.614832080201
0.626906629318
0.735333333333
0.709619047619
0.633295815296
0.69230508391
0.6796649429
0.702495968084
0.665952380952
0.555054834055
0.697753246753
0.648444444444
0.652761904762
0.678285714286
0.721422500871
0.683035650624
0.69880952381
0.647410002278
0.685145521146
0.51074025974
0.622952380952
0.704387895438
0.566737373737
0.636597069597
0.683035650624
0.626318681319
0.665238095238
0.626906629318
0.626906629318
0.527996669997
0.710952380952
0.747895160395
0.642032967033
0.62293557423
0.742155844156
0.677555555556
0.73713997114
0.673079365079
0.593836105415
0.709568542569
0.706549019608
0.757798286681
0.627138528139
0.664360238328
0.586233766234
0.699115995116
0.655111111111
0.666807858808
0.620952380952
0.702193695194
0.655432234432
0.484666666667
0.727426906427
0.664859000961
0.648761904762
0.742002339059
0.723624476972
0.742002339059
0.627587301587
0.747964701965
0.574369642054
0.715422577423
0.58519047619
0.755
0.566737373737
0.723624476972
0.704387895438
0.693365079365
0.652842712843
0.626318681319
0.652761904762
0.723624476972
0.636946608947
0.698358863359
0.766964701965
0.614832080201
0.666073593074
0.704424242424
0.672216450216
0.586469355206
0.695776556777
0.614832080201
0.587726384726
0.673268620269
0.766964701965
0.61872374457
0.75369047619
0.823721212121
0.648761904762
0.675295815296
0.723624476972
0.685145521146
0.652761904762
0.66398989899
0.605592635435
0.698619906409
0.646015873016
0.655432234432
0.578702075702
0.673268620269
0.689414565826
0.822924275724
0.583871794872
0.730571428571
0.662571428571
0.638571428571
0.714666666667
0.622263157895
0.716207792208
0.768222222222
0.640476190476
0.659343434343
0.748
0.689644688645
0.626906629318
0.675977930566
0.66989010989
0.702495968084
0.635523920524
0.685145521146
0.724656299841
0.672216450216
0.652761904762
0.710936563437
0.575155127073
0.633285714286
0.715666666667
0.774126984127
0.625416603005
0.720015873016
0.575829004329
0.712554334554
0.626318681319
0.632662337662
0.685145521146
0.678222222222
0.622952380952
0.724656299841
0.693206349206
0.626318681319
0.560939393939
0.646015873016
0.704395604396
0.655432234432
0.668787878788
0.685145521146
0.724656299841
0.742002339059
0.685145521146
0.626318681319
0.693333333333
0.710952380952
0.695705107153
0.719730060789
0.693206349206
0.698609231289
0.666073593074
0.702495968084
0.652761904762
0.761676767677
0.74550174009
0.724126984127
0.685145521146
0.628356532357
0.747422799423
0.752238095238
0.527996669997
0.661035409035
0.681806637807
0.652427755819
0.614832080201
0.678051282051
0.587666666667
0.665238095238
0.710952380952
0.676025210084
0.66853968254
0.636597069597
0.664165181224
0.570722943723
0.697167247927
0.652761904762
0.698048840049
0.704387895438
0.646015873016
0.636666666667
0.68432978133
0.699354978355
0.69
0.630785745655
0.666807858808
0.671424242424
0.642032967033
0.751333709768
0.755
0.652337662338
0.590065601066
0.676598845599
0.710888888889
0.623873015873
0.699650793651
0.614832080201
0.642032967033
0.669803751804
0.646015873016
0.715666666667
0.620827838828
0.676598845599
0.710888888889
0.623873015873
0.699650793651
0.614832080201
0.642032967033
0.669803751804
0.755
0.715666666667
0.620827838828
0.676598845599
0.710888888889
0.623873015873
0.699650793651
0.614832080201
0.678222222222
0.662492063492
0.641904761905
0.702047619048
0.625597069597
0.63572039072
0.711757020757
0.699633699634
0.605761904762
0.672216450216
0.689370299463
0.578702075702
0.584875457875
0.647410002278
0.568107206519
0.781733333333
0.68432978133
0.648761904762
0.655432234432
0.748
0.663562992563
0.641904761905
0.789102453102
0.699761904762
0.622444444444
0.626318681319
0.715666666667
0.61872374457
0.626906629318
0.642158730159
0.724656299841
0.702193695194
0.674894771895
0.546523809524
0.702193695194
0.715643893741
0.652555555556
0.698358863359
0.677285714286
0.659272727273
0.774126984127
0.759777777778
0.754453102453
0.75828049728
0.754453102453
0.747826617827
0.652555555556
0.804756132756
0.677285714286
0.684888888889
0.652692307692
0.623333333333
0.631324786325
0.741665445665
0.68432978133
0.685145521146
0.766964701965
0.693365079365
0.766964701965
0.74219047619
0.66853968254
0.673079365079
0.704711399711
0.615011544012
0.659272727273
0.674666666667
0.623333333333
0.675295815296
0.707658563659
0.710616161616
0.578702075702
0.627634920635
0.69719047619
0.742002339059
0.695281607282
0.766964701965
0.722385170385
0.697702087059
0.724656299841
0.640326229326
0.668460622711
0.698609231289
0.640326229326
0.711253968254
0.697826617827
0.626318681319
0.671428571429
0.648761904762
0.724126984127
0.622619047619
0.646015873016
0.640326229326
0.661603285603
0.626318681319
0.626906629318
0.646015873016
0.674894771895
0.704387895438
0.594666666667
0.688216450216
0.561333333333
0.715666666667
0.690636363636
0.632919080919
0.614832080201
0.742002339059
0.766964701965
0.631324786325
0.74219047619
0.724656299841
0.652501498501
0.660222222222
0.742155844156
0.669803751804
0.666073593074
0.66853968254
0.718035087719
0.668027907765
0.654587301587
0.68432978133
0.742155844156
0.617445134576
0.666073593074
0.630785745655
0.766964701965
0.574369642054
0.619956349206
0.648761904762
0.666986346986
0.646015873016
0.672216450216
0.685145521146
0.587649701176
0.710952380952
0.768523809524
0.622619047619
0.587649701176
0.613782106782
0.672216450216
0.655737373737
0.627786435786
0.652597069597
0.742002339059
0.715666666667
0.687882450882
0.650727272727
0.712554334554
0.702172518019
0.710952380952
0.612366300366
0.578702075702
0.668460622711
0.726375180375
0.749059922534
0.765976911977
0.673026085026
0.674666666667
0.633904761905
0.687912087912
0.604956043956
0.749441391941
0.641904761905
0.706509157509
0.632999823706
0.641904761905
0.674894771895
0.691238095238
0.668460622711
0.693206349206
0.655432234432
0.655432234432
0.67674969475
0.702923076923
0.700333333333
0.656888888889
0.67680952381
0.681806637807
0.566044733045
0.656888888889
0.599467813576
0.675761838762
0.729937728938
0.731333333333
0.72
0.625597069597
0.698609231289
0.617453102453
0.718035087719
0.697167247927
0.651897546898
0.657923809524
0.651897546898
0.546523809524
0.649520957474
0.751333709768
0.664476190476
0.751333709768
0.687952380952
0.660222222222
0.619860817217
0.696125319125
0.706015873016
0.587142857143
0.709565656566
0.691904761905
0.555054834055
0.61872374457
0.647410002278
0.624238095238
0.62289010989
0.551860805861
0.652761904762
0.69719047619
0.715920634921
0.666319038166
0.51074025974
0.61872374457
0.640906204906
0.677246753247
0.561787878788
0.560939393939
0.677246753247
0.721721611722
0.642616161616
0.67674969475
0.684936507937
0.74219047619
0.66853968254
0.74219047619
0.685145521146
0.697167247927
0.61872374457
0.664360238328
0.529318681319
0.587142857143
0.627251537936
0.696556887557
0.646015873016
0.685145521146
0.648761904762
0.626049486461
0.699354978355
0.566737373737
0.742002339059
0.616350825645
0.566737373737
0.617453102453
0.655432234432
0.740012987013
0.683035650624
0.620818598069
0.740012987013
0.683035650624
0.711253968254
0.61872374457
0.620818598069
0.593333333333
0.710952380952
0.677285714286
0.690191697192
0.666186837317
0.742
0.527996669997
0.633285714286
0.706509157509
0.685145521146
0.578702075702
0.685145521146
0.626318681319
0.648761904762
0.626318681319
0.578702075702
0.578702075702
0.722385170385
0.626318681319
0.647
0.669977880184
0.700380952381
0.655432234432
0.704007340867
0.722385170385
0.742155844156
0.715422577423
0.549936507937
0.760952380952
0.630785745655
0.638872269532
0.671428571429
0.647410002278
0.685562881563
0.625536130536
0.647410002278
0.726874458874
0.612366300366
0.722385170385
0.722385170385
0.589676767677
0.766964701965
0.743704184704
0.687912087912
0.643949494949
0.742002339059
0.748
0.654652014652
0.66398989899
0.769617826618
0.722385170385
0.672216450216
0.626318681319
0.649695415695
0.626318681319
0.671424242424
0.648761904762
0.69215018315
0.690362193362
0.699354978355
0.669977880184
0.715666666667
0.699354978355
0.729937728938
0.662571428571
0.58519047619
0.549949494949
0.722385170385
0.69219047619
0.666807858808
0.553948051948
0.743704184704
0.727426906427
0.608489557226
0.578702075702
0.623872385679
0.609200577201
0.614
0.623165520754
0.685145521146
0.615761904762
0.667367965368
0.696556887557
0.669803751804
0.689644688645
0.561333333333
0.678222222222
0.622952380952
0.724656299841
0.693206349206
0.697167247927
0.81324963925
0.676888888889
0.68432978133
0.690362193362
0.708761904762
0.731333333333
0.646285714286
0.71952025752
0.660222222222
0.672216450216
0.724656299841
0.655737373737
0.666073593074
0.739443223443
0.702503607504
0.63366157372
0.615800952671
0.672216450216
0.685145521146
0.715666666667
0.604956043956
0.685145521146
0.626369408369
0.69230508391
0.668476190476
0.657
0.675
0.69880952381
0.666807858808
0.690191697192
0.626318681319
0.627138528139
0.68432978133
0.667367965368
0.737102342102
0.752238095238
0.672216450216
0.657923809524
0.690673992674
0.683035650624
0.568107206519
0.699354978355
0.666986346986
0.708761904762
0.666319038166
0.626318681319
0.687417582418
0.681095238095
0.702495968084
0.754533146592
0.69230508391
0.668460622711
0.606238095238
0.568107206519
0.66989010989
0.722385170385
0.722385170385
0.710952380952
0.669803751804
0.688021769081
0.647410002278
0.626318681319
0.579592851593
0.665952380952
0.671428571429
0.673454135338
0.698358863359
0.673268620269
0.743704184704
0.721721611722
0.719630179934
0.568107206519
0.741665445665
0.685145521146
0.754533146592
0.648761904762
0.647926093514
0.584875457875
0.663013601122
0.685145521146
0.654652014652
0.741665445665
0.754533146592
0.722385170385
0.647926093514
0.584875457875
0.668141420671
0.685145521146
0.654652014652
0.760842490842
0.693126984127
0.574603174603
0.742
0.527996669997
0.693126984127
0.574603174603
0.614761904762
0.561787878788
0.710146298146
0.667915750916
0.648761904762
0.673024642025
0.611134310134
0.712441558442
0.634216117216
0.632602575203
0.714298701299
0.560939393939
0.627138528139
0.690191697192
0.690191697192
0.767576857925
0.68080952381
0.718035087719
0.664476190476
0.701562881563
0.666073593074
0.719630179934
0.698619906409
0.639083898558
0.686047619048
0.723624476972
0.66989010989
0.715666666667
0.687417582418
0.699548229548
0.555054834055
0.708761904762
0.61872374457
0.703492063492
0.648761904762
0.687645021645
0.760842490842
0.672216450216
0.677285714286
0.603593406593
0.659272727273
0.675555555556
0.631818181818
0.761676767677
0.763888888889
0.647410002278
0.693514438105
0.643716450216
0.628587991718
0.6796649429
0.692958485958
0.658060606061
0.704424242424
0.704368644427
0.715666666667
0.565802690668
0.742032967033
0.694
0.61380952381
0.739819402819
0.690191697192
0.640326229326
0.724126984127
0.721721611722
0.728298017772
0.66853968254
0.710952380952
0.722385170385
0.646779220779
0.715666666667
0.790207792208
0.67
0.781733333333
0.698609231289
0.635097791098
0.668476190476
0.715643893741
0.655432234432
0.710146298146
0.669666666667
0.704164502165
0.69222954823
0.698358863359
0.62170541739
0.652555555556
0.707774725275
0.622952380952
0.709629148629
0.669666666667
0.688021769081
0.643716450216
0.723624476972
0.664476190476
0.760003663004
0.648761904762
0.680025641026
0.627251537936
0.71482983683
0.655432234432
0.659047542496
0.614832080201
0.706719280719
0.624154401154
0.698609231289
0.731964701965
0.63751341132
0.701232323232
0.674894771895
0.665952380952
0.690191697192
0.687417582418
0.754453102453
0.743968253968
0.717536130536
0.66853968254
0.51074025974
0.722324956433
0.66853968254
0.638571428571
0.640326229326
0.669666666667
0.672216450216
0.742032967033
0.566044733045
0.698609231289
0.566044733045
0.698609231289
0.760842490842
0.643716450216
0.768523809524
0.742238095238
0.627634920635
0.627251537936
0.646015873016
0.715666666667
0.768523809524
0.690636363636
0.81324963925
0.666186837317
0.710952380952
0.630917748918
0.790207792208
0.68432978133
0.768523809524
0.659343434343
0.673847041847
0.638727050727
0.633285714286
0.709568542569
0.687645021645
0.735333333333
0.707658563659
0.697850877193
0.631324786325
0.657
0.668476190476
0.718035087719
0.689887667888
0.742238095238
0.715666666667
0.70966011766
0.685145521146
0.67
0.664859000961
0.724835497835
0.715666666667
0.790207792208
0.695776556777
0.642616161616
0.646285714286
0.710952380952
0.666986346986
0.648761904762
0.761676767677
0.750222222222
0.659272727273
0.66398989899
0.646015873016
0.742238095238
0.646015873016
0.656343434343
0.612346320346
0.697555555556
0.748
0.707658563659
0.615800952671
0.669666666667
0.710952380952
0.543333333333
0.72
0.73
0.72
0.81324963925
0.67053968254
0.710952380952
0.673268620269
0.61872374457
0.648761904762
0.715666666667
0.629037831733
0.769617826618
0.704387895438
0.761676767677
0.664859000961
0.697124209124
0.689414565826
0.605592635435
0.671428571429
0.625597069597
0.622952380952
0.58084992785
0.578702075702
0.560750915751
0.733
0.613647058824
0.761676767677
0.701238095238
0.766964701965
0.624275613276
0.577698412698
0.615456654457
0.6812998557
0.507732600733
0.63572039072
0.569092092092
0.647410002278
0.655432234432
0.755772498743
0.72
0.742002339059
0.674894771895
0.723624476972
0.742002339059
0.549949494949
0.693206349206
0.710952380952
0.628356532357
0.672412698413
0.710952380952
0.726314760508
0.626318681319
0.706611721612
0.546523809524
0.685145521146
0.660222222222
0.737102342102
0.752238095238
0.697167247927
0.702205128205
0.724656299841
0.665238095238
0.685145521146
0.666186837317
0.652761904762
0.669803751804
0.702505827506
0.599649069884
0.631324786325
0.671424242424
0.66398989899
0.675258187947
0.576476190476
0.66853968254
0.652761904762
0.648333333333
0.617453102453
0.578702075702
0.70110989011
0.696125319125
0.626049486461
0.624275613276
0.655509157509
0.693206349206
0.674595959596
0.615257142857
0.690191697192
0.655509157509
0.706509157509
0.674595959596
0.673256410256
0.673268620269
0.695705107153
0.614832080201
0.674595959596
0.673256410256
0.690191697192
0.652761904762
0.706509157509
0.673256410256
0.652761904762
0.706509157509
0.674595959596
0.673256410256
0.668787878788
0.706509157509
0.626318681319
0.652692307692
0.706509157509
0.706509157509
0.674595959596
0.673256410256
0.668787878788
0.655432234432
0.740012987013
0.683035650624
0.711253968254
0.61872374457
0.620818598069
0.593333333333
0.681636363636
0.665952380952
0.657923809524
0.706509157509
0.674595959596
0.673256410256
0.668787878788
0.657923809524
0.706509157509
0.674595959596
0.673256410256
0.668787878788
0.727426906427
0.697167247927
0.617777777778
0.648761904762
0.706509157509
0.675295815296
0.615257142857
0.673268620269
0.654932178932
0.706509157509
0.675295815296
0.615257142857
0.673268620269
0.655509157509
0.673256410256
0.673268620269
0.655509157509
0.655509157509
0.674595959596
0.673256410256
0.673268620269
0.655432234432
0.632441558442
0.668027907765
0.768523809524
0.666986346986
0.636390720391
0.710146298146
0.599611721612
0.666073593074
0.632470004443
0.658062271062
0.74550174009
0.632470004443
0.641904761905
0.61872374457
0.677555555556
0.631818181818
0.714298701299
0.560939393939
0.693126984127
0.634666666667
0.690191697192
0.702047619048
0.626318681319
0.685145521146
0.766964701965
0.673026085026
0.73
0.58084992785
0.69
0.747
0.681666666667
0.768523809524
0.638986679987
0.552571428571
0.604956043956
0.675555555556
0.652597069597
0.683035650624
0.666073593074
0.752238095238
0.700333333333
0.673026085026
0.790207792208
0.627251537936
0.710952380952
0.702923076923
0.599803418803
0.648761904762
0.747
0.66853968254
0.640476190476
0.633285714286
0.735333333333
0.655432234432
0.774126984127
0.673342084439
0.673342084439
0.652761904762
0.751333709768
0.684888888889
0.672216450216
0.655432234432
0.640326229326
0.612567292357
0.68432978133
0.587649701176
0.710952380952
0.677555555556
0.646015873016
0.587777777778
0.671428571429
0.715666666667
0.690673992674
0.651897546898
0.608346320346
0.560750915751
0.779747252747
0.627186147186
0.654652014652
0.626318681319
0.669803751804
0.622619047619
0.704424242424
0.655432234432
0.574369642054
0.689414565826
0.687309990663
0.723624476972
0.649520957474
0.704387895438
0.722385170385
0.51074025974
0.721721611722
0.72
0.698358863359
0.692332112332
0.663548340548
0.555054834055
0.659272727273
0.747964701965
0.706509157509
0.626906629318
0.754509157509
0.574369642054
0.574369642054
0.742238095238
0.587142857143
0.672216450216
0.742155844156
0.726432900433
0.70083218742
0.560750915751
0.665897435897
0.587142857143
0.595387612388
0.657923809524
0.626318681319
0.697047619048
0.665626040626
0.775598845599
0.742032967033
0.725615975422
0.647410002278
0.655509157509
0.672216450216
0.549949494949
0.671593073593
0.733619047619
0.638571428571
0.657923809524
0.626318681319
0.749722943723
0.605444444444
0.698609231289
0.704387895438
0.666073593074
0.715666666667
0.657923809524
0.673342084439
0.648761904762
0.702923076923
0.619121721416
0.721721611722
0.638571428571
0.560750915751
0.626761904762
0.648761904762
0.700333333333
0.671428571429
0.693126984127
0.666186837317
0.742
0.527996669997
0.733
0.673256410256
0.675024531025
0.553213549024
0.748
0.673454135338
0.721721611722
0.654793650794
0.685145521146
0.551666666667
0.646633484163
0.622619047619
0.766964701965
0.560750915751
0.659803529804
0.672216450216
0.697167247927
0.761676767677
0.702193695194
0.754509157509
0.766964701965
0.578702075702
0.663048886786
0.631324786325
0.804756132756
0.625416603005
0.66398989899
0.679818376068
0.751333709768
0.654652014652
0.666073593074
0.630917748918
0.702193695194
0.569092092092
0.718035087719
0.627587301587
0.715666666667
0.683035650624
0.685145521146
0.706611721612
0.752238095238
0.710952380952
0.695776556777
0.798835497835
0.667714285714
0.636597069597
0.68432978133
0.671428571429
0.667714285714
0.741665445665
0.774126984127
0.625597069597
0.761676767677
0.698048840049
0.698609231289
0.642616161616
0.586233766234
0.641904761905
0.669803751804
0.695201754386
0.649266666667
0.760842490842
0.640326229326
0.722385170385
0.766964701965
0.655432234432
0.640326229326
0.709619047619
0.766964701965
0.715666666667
0.551666666667
0.715422577423
0.667367965368
0.642174603175
0.73
0.755772498743
0.638727050727
0.7080812727
0.679555555556
0.754509157509
0.672412698413
0.673079365079
0.615005772006
0.640476190476
0.711757020757
0.648444444444
0.636390720391
0.739904761905
0.696556887557
0.761676767677
0.647410002278
0.628587991718
0.629073038073
0.658666666667
0.719730060789
0.685145521146
0.66853968254
0.725313131313
0.707658563659
0.648761904762
0.696556887557
0.640476190476
0.620952380952
0.58084992785
0.754509157509
0.66989010989
0.706509157509
0.710146298146
0.58519047619
0.742002339059
0.690191697192
0.710952380952
0.763888888889
0.710952380952
0.755
0.627587301587
0.715666666667
0.683035650624
0.587142857143
0.611898989899
0.712219336219
0.721721611722
0.69880952381
0.702380952381
0.743704184704
0.652761904762
0.617453102453
0.631324786325
0.67
0.766964701965
0.647410002278
0.73
0.631818181818
0.763888888889
0.646285714286
0.652761904762
0.712554334554
0.642032967033
0.560761904762
0.626318681319
0.648761904762
0.69215018315
0.69719047619
0.654177944862
0.636946608947
0.646995670996
0.672216450216
0.659343434343
0.702172518019
0.747964701965
0.742002339059
0.646015873016
0.626318681319
0.716207792208
0.632614718615
0.709565656566
0.652597069597
0.715666666667
0.578702075702
0.647015873016
0.742238095238
0.804756132756
0.683405156935
0.634216117216
0.546523809524
0.685145521146
0.631324786325
0.68393040293
0.721721611722
0.672216450216
0.58084992785
0.629037831733
0.719730060789
0.715698412698
0.528142857143
0.626318681319
0.628095238095
0.627251537936
0.687417582418
0.631324786325
0.706509157509
0.709565656566
0.709565656566
0.566044733045
0.760842490842
0.723624476972
0.728141192141
0.666186837317
0.646015873016
0.678285714286
0.629037831733
0.710146298146
0.630785745655
0.707774725275
0.626318681319
0.655351981352
0.672216450216
0.697753246753
0.728989010989
0.728298017772
0.830523809524
0.768222222222
0.626318681319
0.625597069597
0.720265512266
0.671282828283
0.663299719888
0.608346320346
0.73713997114
0.754533146592
0.635572727926
0.574369642054
0.706509157509
0.673454135338
0.69198967699
0.625536130536
0.629037831733
0.69215018315
0.502428571429
0.629037831733
0.691012987013
0.634851370851
0.667367965368
0.626318681319
0.741666666667
0.704387895438
0.68432978133
0.697753246753
0.666319038166
0.712633255633
0.742002339059
0.741665445665
0.617453102453
0.636390720391
0.735333333333
0.690362193362
0.715422577423
0.741665445665
0.634411477411
0.696698412698
0.689178266178
0.696125319125
0.69880952381
0.599168189015
0.766964701965
0.68432978133
0.721721611722
0.721728937729
0.6796649429
0.685145521146
0.706509157509
0.674595959596
0.673256410256
0.652337662338
0.761746031746
0.553213549024
0.687417582418
0.631324786325
0.672412698413
0.749722943723
0.709619047619
0.633285714286
0.626318681319
0.704424242424
0.658484848485
0.760952380952
0.633285714286
0.700658119658
0.620818598069
0.617443223443
0.719462315462
0.719462315462
0.719462315462
0.719462315462
0.628356532357
0.583047619048
0.583669454728
0.724194805195
0.568168067227
0.630238095238
0.573380952381
0.683255189255
0.748756132756
0.798835497835
0.651897546898
0.668517704518
0.753549235079
0.623597239809
0.673256410256
0.652761904762
0.699354978355
0.670623340817
0.732977376597
0.673095238095
0.640476190476
0.766743256743
0.669803751804
0.587777777778
0.599649069884
0.698048840049
0.723624476972
0.675295815296
0.598949494949
0.69
0.705757353757
0.547352869353
0.633285714286
0.591642135642
0.683587301587
0.676174603175
0.666073593074
0.584875457875
0.702481712732
0.507732600733
0.702481712732
0.507732600733
0.702481712732
0.507732600733
0.702481712732
0.507732600733
0.702481712732
0.507732600733
0.702481712732
0.507732600733
0.702481712732
0.507732600733
0.590819942937
0.642789628672
0.642789628672
0.642789628672
0.642789628672
0.642789628672
0.642789628672
0.642789628672
0.702481712732
0.507732600733
0.642789628672
0.599649069884
0.741665445665
0.666986346986
0.712494505495
0.68432978133
0.655432234432
0.697167247927
0.700374416433
0.752251082251
0.711253968254
0.631793650794
0.677555555556
0.610212121212
0.728523809524
0.610212121212
0.586658008658
0.551666666667
0.655432234432
0.6796649429
0.688985347985
0.527996669997
0.766964701965
0.687786435786
0.5815
0.749441391941
0.749441391941
0.749441391941
0.666073593074
0.678932178932
0.709834988541
0.758898656899
0.665368742369
0.700172930164
0.636390720391
0.648222222222
0.804756132756
0.648444444444
0.671428571429
0.699761904762
0.721422500871
0.544714285714
0.684888888889
0.804756132756
0.694682539683
0.690787878788
0.747826617827
0.735683760684
0.626761904762
0.560761904762
0.560761904762
0.690636363636
0.669803751804
0.608346320346
0.697753246753
0.683727272727
0.66573015873
0.682952380952
0.613387878788
0.61380952381
0.658047619048
0.687417582418
0.617453102453
0.617453102453
0.82674025974
0.668460622711
0.628587991718
0.686264069264
0.644857142857
0.726375180375
0.644857142857
0.776136573104
0.686974025974
0.686974025974
0.709834988541
0.641626484626
0.686974025974
0.659023255554
0.607727395412
0.693126984127
0.68393040293
0.700396825397
0.668460622711
0.701788133435
0.555054834055
0.698048840049
0.715666666667
0.648158730159
0.647666666667
0.658373015873
0.615800952671
0.61872374457
0.666302808303
0.673484820695
0.624238095238
0.648222222222
0.661847152847
0.712978354978
0.649721500722
0.636776556777
0.717130647131
0.673454135338
0.673454135338
0.673454135338
0.546351648352
0.650158730159
0.755408369408
0.632470004443
0.587142857143
0.709761904762
0.657587301587
0.666761904762
0.662952380952
0.663
0.642924979114
0.642924979114
0.656888888889
0.532760082023
0.608346320346
0.560939393939
0.675434432234
0.69230508391
0.705891774892
0.724126984127
0.705891774892
0.724126984127
0.768523809524
0.761676767677
0.762698412698
0.762698412698
0.668333333333
0.749722943723
0.742155844156
0.708761904762
0.666186837317
0.761997668998
0.761997668998
0.761997668998
0.761997668998
0.665238095238
0.647410002278
0.658793650794
0.69880952381
0.638986679987
0.664859000961
0.730571428571
0.696125319125
0.689934640523
0.625505050505
0.563521779868
0.756095238095
0.681489177489
0.690787878788
0.730920634921
0.661015873016
0.647410002278
0.58519047619
0.694
0.669803751804
0.755
0.610203585888
0.687746031746
0.625505050505
0.632698412698
0.605505050505
0.702193695194
0.804756132756
0.641285714286
0.666333333333
0.666333333333
0.655333333333
0.709834988541
0.659523809524
0.663333333333
0.648222222222
0.747142857143
0.648222222222
0.748843924192
0.655111111111
0.683727272727
0.57167965368
0.645919413919
0.675295815296
0.667952380952
0.693590798091
0.632470004443
0.721422500871
0.717142857143
0.698609231289
0.715666666667
0.689644688645
0.81324963925
0.687417582418
0.58084992785
0.652692307692
0.631324786325
0.634533910534
0.631324786325
0.631324786325
0.631324786325
0.634533910534
0.634533910534
0.634533910534
0.634533910534
0.634533910534
0.634533910534
0.634533910534
0.704387895438
0.664476190476
0.674333333333
0.546523809524
0.622444444444
0.674333333333
0.665682539683
0.702047619048
0.702193695194
0.622203585888
0.755926073926
0.690203918888
0.653013169771
0.632441558442
0.679777777778
0.678566100566
0.669666666667
0.624238095238
0.78262745098
0.676174603175
0.639444444444
0.653016983017
0.560750915751
0.748761904762
0.689936507937
0.618919413919
0.630913419913
0.687062271062
0.670623340817
0.630780996781
0.759777777778
0.743704184704
0.557588023088
0.606
0.612366300366
0.689930735931
0.693500852089
0.734615384615
0.808761904762
0.614646464646
0.700380952381
0.614646464646
0.713873015873
0.551666666667
0.669803751804
0.655571428571
0.674894771895
0.674894771895
0.67
0.630716024341
0.567397435897
0.659047542496
0.627138528139
0.576873015873
0.642834054834
0.654095238095
0.654095238095
0.793613954673
0.576873015873
0.726314760508
0.593071004159
0.576873015873
0.654095238095
0.766964701965
0.572095238095
0.652761904762
0.726314760508
0.652761904762
0.616333333333
0.760842490842
0.820523809524
0.762238095238
0.647
0.605505050505
0.821948051948
0.689178266178
0.697753246753
0.669211781682
0.673135642136
0.778920634921
0.690358974359
0.699354978355
0.689930735931
0.655333333333
0.709619047619
0.578702075702
0.72
0.689178266178
0.689178266178
0.75146031746
0.778920634921
0.755926073926
0.697753246753
0.697753246753
0.778920634921
0.735147186147
0.778920634921
0.5592807744
0.622203585888
0.586658008658
0.693333333333
0.706611721612
0.692952380952
0.706611721612
0.568107206519
0.631818181818
0.769617826618
0.72
0.668460622711
0.672978354978
0.672978354978
0.628356532357
0.706611721612
0.671424242424
0.633285714286
0.652761904762
0.578702075702
0.613380952381
0.603658517953
0.642349206349
0.672978354978
0.692952380952
0.683017871018
0.69270973471
0.642349206349
0.739904761905
0.651897546898
0.652761904762
0.656392274392
0.672978354978
0.699006637807
0.736317460317
0.690191697192
0.748761904762
0.698609231289
0.747826617827
0.617959096459
0.608346320346
0.599803418803
0.659617826618
0.766964701965
0.615827505828
0.626906629318
0.652555555556
0.699354978355
0.729645021645
0.527996669997
0.754509157509
0.620818598069
0.634533910534
0.595405483405
0.711904761905
0.713873015873
0.635705627706
0.555238095238
0.670857142857
0.742238095238
0.748756132756
0.613647058824
0.536253968254
0.58084992785
0.720281607282
0.671333333333
0.692958485958
0.67053968254
0.638986679987
0.675406593407
0.587142857143
0.742032967033
0.756168831169
0.631818181818
0.631818181818
0.72
0.761041380841
0.63572039072
0.546351648352
0.683676003735
0.620818598069
0.647410002278
0.661757575758
0.58319771721
0.646285714286
0.614646464646
0.648761904762
0.709565656566
0.616666666667
0.721145625616
0.725840585354
0.616550571907
0.716168831169
0.616550571907
0.616550571907
0.616550571907
0.570165945166
0.710888888889
0.742238095238
0.773454545455
0.773454545455
0.607728049728
0.674266955267
0.561333333333
0.734634920635
0.721721611722
0.689887667888
0.627161904762
0.593836105415
0.728298017772
0.696575757576
0.641111111111
0.748
0.687417582418
0.671120879121
0.680222222222
0.654652014652
0.648761904762
0.789102453102
0.708224879695
0.671428571429
0.768523809524
0.624238095238
0.652761904762
0.646285714286
0.652555555556
0.640658517953
0.662188653452
0.675295815296
0.673268620269
0.651175402956
0.627634920635
0.658476190476
0.67
0.650727272727
0.650727272727
0.580063492063
0.663374117111
0.659655555556
0.708761904762
0.693333333333
0.62858008658
0.683405156935
0.672437229437
0.749412698413
0.629333333333
0.675465665054
0.69215018315
0.69215018315
0.748
0.639523809524
0.554088245088
0.733
0.675295815296
0.657854256854
0.657854256854
0.718412698413
0.624707749767
0.67
0.740373737374
0.683255189255
0.748756132756
0.704838095238
0.683255189255